# Created by Octave 4.0.0, Sun Jan 14 22:33:17 2018 GMT <grenada@grenada-Aspire-V3-572P>
# name: d
# type: scalar
2


# name: r
# type: scalar
5


# name: rr
# type: scalar
2


# name: t
# type: matrix
# rows: 1
# columns: 1000
 0 0.06289474781961547 0.1257894956392309 0.1886842434588464 0.2515789912784619 0.3144737390980774 0.3773684869176929 0.4402632347373083 0.5031579825569238 0.5660527303765392 0.6289474781961547 0.6918422260157702 0.7547369738353857 0.8176317216550012 0.8805264694746167 0.9434212172942321 1.006315965113848 1.069210712933463 1.132105460753078 1.195000208572694 1.257894956392309 1.320789704211925 1.38368445203154 1.446579199851156 1.509473947670771 1.572368695490387 1.635263443310002 1.698158191129618 1.761052938949233 1.823947686768849 1.886842434588464 1.94973718240808 2.012631930227695 2.075526678047311 2.138421425866926 2.201316173686541 2.264210921506157 2.327105669325773 2.390000417145388 2.452895164965003 2.515789912784619 2.578684660604234 2.64157940842385 2.704474156243466 2.767368904063081 2.830263651882696 2.893158399702312 2.956053147521927 3.018947895341543 3.081842643161158 3.144737390980774 3.207632138800389 3.270526886620005 3.33342163443962 3.396316382259235 3.459211130078851 3.522105877898467 3.585000625718082 3.647895373537697 3.710790121357313 3.773684869176928 3.836579616996544 3.899474364816159 3.962369112635775 4.02526386045539 4.088158608275005 4.151053356094621 4.213948103914237 4.276842851733853 4.339737599553468 4.402632347373083 4.465527095192699 4.528421843012314 4.59131659083193 4.654211338651545 4.71710608647116 4.780000834290776 4.842895582110391 4.905790329930007 4.968685077749623 5.031579825569238 5.094474573388854 5.157369321208469 5.220264069028084 5.2831588168477 5.346053564667315 5.408948312486931 5.471843060306546 5.534737808126161 5.597632555945777 5.660527303765392 5.723422051585008 5.786316799404624 5.849211547224239 5.912106295043855 5.97500104286347 6.037895790683086 6.100790538502701 6.163685286322316 6.226580034141932 6.289474781961547 6.352369529781162 6.415264277600778 6.478159025420394 6.54105377324001 6.603948521059625 6.66684326887924 6.729738016698856 6.792632764518471 6.855527512338087 6.918422260157702 6.981317007977317 7.044211755796933 7.107106503616548 7.170001251436164 7.23289599925578 7.295790747075395 7.358685494895011 7.421580242714626 7.484474990534241 7.547369738353857 7.610264486173472 7.673159233993088 7.736053981812703 7.798948729632318 7.861843477451934 7.924738225271549 7.987632973091165 8.050527720910781 8.113422468730397 8.176317216550011 8.239211964369627 8.302106712189243 8.365001460008857 8.427896207828473 8.490790955648089 8.553685703467705 8.616580451287319 8.679475199106935 8.742369946926551 8.805264694746166 8.868159442565782 8.931054190385398 8.993948938205012 9.056843686024628 9.119738433844244 9.18263318166386 9.245527929483474 9.30842267730309 9.371317425122706 9.434212172942321 9.497106920761937 9.560001668581553 9.622896416401167 9.685791164220783 9.748685912040399 9.811580659860013 9.874475407679629 9.937370155499245 10.00026490331886 10.06315965113848 10.12605439895809 10.18894914677771 10.25184389459732 10.31473864241694 10.37763339023655 10.44052813805617 10.50342288587578 10.5663176336954 10.62921238151502 10.69210712933463 10.75500187715425 10.81789662497386 10.88079137279348 10.94368612061309 11.00658086843271 11.06947561625232 11.13237036407194 11.19526511189155 11.25815985971117 11.32105460753078 11.3839493553504 11.44684410317002 11.50973885098963 11.57263359880925 11.63552834662886 11.69842309444848 11.76131784226809 11.82421259008771 11.88710733790732 11.95000208572694 12.01289683354656 12.07579158136617 12.13868632918579 12.2015810770054 12.26447582482502 12.32737057264463 12.39026532046425 12.45316006828386 12.51605481610348 12.57894956392309 12.64184431174271 12.70473905956232 12.76763380738194 12.83052855520156 12.89342330302117 12.95631805084079 13.0192127986604 13.08210754648002 13.14500229429963 13.20789704211925 13.27079178993887 13.33368653775848 13.3965812855781 13.45947603339771 13.52237078121733 13.58526552903694 13.64816027685656 13.71105502467617 13.77394977249579 13.8368445203154 13.89973926813502 13.96263401595463 14.02552876377425 14.08842351159387 14.15131825941348 14.2142130072331 14.27710775505271 14.34000250287233 14.40289725069194 14.46579199851156 14.52868674633118 14.59158149415079 14.65447624197041 14.71737098979002 14.78026573760964 14.84316048542925 14.90605523324887 14.96894998106848 15.0318447288881 15.09473947670771 15.15763422452733 15.22052897234694 15.28342372016656 15.34631846798618 15.40921321580579 15.47210796362541 15.53500271144502 15.59789745926464 15.66079220708425 15.72368695490387 15.78658170272348 15.8494764505431 15.91237119836271 15.97526594618233 16.03816069400195 16.10105544182156 16.16395018964118 16.22684493746079 16.28973968528041 16.35263443310002 16.41552918091964 16.47842392873925 16.54131867655887 16.60421342437849 16.6671081721981 16.73000292001771 16.79289766783733 16.85579241565695 16.91868716347656 16.98158191129618 17.04447665911579 17.10737140693541 17.17026615475502 17.23316090257464 17.29605565039425 17.35895039821387 17.42184514603349 17.4847398938531 17.54763464167272 17.61052938949233 17.67342413731195 17.73631888513156 17.79921363295118 17.8621083807708 17.92500312859041 17.98789787641002 18.05079262422964 18.11368737204926 18.17658211986887 18.23947686768849 18.3023716155081 18.36526636332772 18.42816111114733 18.49105585896695 18.55395060678656 18.61684535460618 18.6797401024258 18.74263485024541 18.80552959806502 18.86842434588464 18.93131909370426 18.99421384152387 19.05710858934349 19.12000333716311 19.18289808498272 19.24579283280233 19.30868758062195 19.37158232844157 19.43447707626118 19.4973718240808 19.56026657190041 19.62316131972003 19.68605606753964 19.74895081535926 19.81184556317887 19.87474031099849 19.93763505881811 20.00052980663772 20.06342455445733 20.12631930227695 20.18921405009657 20.25210879791618 20.3150035457358 20.37789829355541 20.44079304137503 20.50368778919464 20.56658253701426 20.62947728483388 20.69237203265349 20.75526678047311 20.81816152829272 20.88105627611234 20.94395102393195 21.00684577175157 21.06974051957118 21.1326352673908 21.19553001521042 21.25842476303003 21.32131951084964 21.38421425866926 21.44710900648888 21.51000375430849 21.57289850212811 21.63579324994772 21.69868799776734 21.76158274558695 21.82447749340657 21.88737224122618 21.9502669890458 22.01316173686542 22.07605648468503 22.13895123250465 22.20184598032426 22.26474072814388 22.32763547596349 22.39053022378311 22.45342497160273 22.51631971942234 22.57921446724195 22.64210921506157 22.70500396288119 22.7678987107008 22.83079345852042 22.89368820634003 22.95658295415965 23.01947770197926 23.08237244979888 23.14526719761849 23.20816194543811 23.27105669325773 23.33395144107734 23.39684618889695 23.45974093671657 23.52263568453619 23.5855304323558 23.64842518017542 23.71131992799504 23.77421467581465 23.83710942363426 23.90000417145388 23.9628989192735 24.02579366709311 24.08868841491273 24.15158316273234 24.21447791055196 24.27737265837157 24.34026740619119 24.4031621540108 24.46605690183042 24.52895164965004 24.59184639746965 24.65474114528926 24.71763589310888 24.7805306409285 24.84342538874811 24.90632013656773 24.96921488438734 25.03210963220696 25.09500438002657 25.15789912784619 25.22079387566581 25.28368862348542 25.34658337130504 25.40947811912465 25.47237286694427 25.53526761476388 25.5981623625835 25.66105711040311 25.72395185822273 25.78684660604235 25.84974135386196 25.91263610168157 25.97553084950119 26.03842559732081 26.10132034514042 26.16421509296004 26.22710984077965 26.29000458859927 26.35289933641888 26.4157940842385 26.47868883205811 26.54158357987773 26.60447832769735 26.66737307551696 26.73026782333658 26.79316257115619 26.85605731897581 26.91895206679542 26.98184681461504 27.04474156243465 27.10763631025427 27.17053105807388 27.2334258058935 27.29632055371312 27.35921530153273 27.42211004935235 27.48500479717196 27.54789954499158 27.61079429281119 27.67368904063081 27.73658378845042 27.79947853627004 27.86237328408966 27.92526803190927 27.98816277972888 28.0510575275485 28.11395227536812 28.17684702318773 28.23974177100735 28.30263651882696 28.36553126664658 28.42842601446619 28.49132076228581 28.55421551010543 28.61711025792504 28.68000500574466 28.74289975356427 28.80579450138389 28.8686892492035 28.93158399702312 28.99447874484273 29.05737349266235 29.12026824048196 29.18316298830158 29.24605773612119 29.30895248394081 29.37184723176043 29.43474197958004 29.49763672739966 29.56053147521927 29.62342622303889 29.6863209708585 29.74921571867812 29.81211046649774 29.87500521431735 29.93789996213696 30.00079470995658 30.0636894577762 30.12658420559581 30.18947895341543 30.25237370123504 30.31526844905466 30.37816319687427 30.44105794469389 30.5039526925135 30.56684744033312 30.62974218815274 30.69263693597235 30.75553168379197 30.81842643161158 30.8813211794312 30.94421592725081 31.00711067507043 31.07000542289004 31.13290017070966 31.19579491852927 31.25868966634889 31.32158441416851 31.38447916198812 31.44737390980774 31.51026865762735 31.57316340544697 31.63605815326658 31.6989529010862 31.76184764890581 31.82474239672543 31.88763714454505 31.95053189236466 32.01342664018428 32.07632138800389 32.13921613582351 32.20211088364312 32.26500563146273 32.32790037928235 32.39079512710197 32.45368987492159 32.5165846227412 32.57947937056082 32.64237411838043 32.70526886620004 32.76816361401966 32.83105836183928 32.8939531096589 32.95684785747851 33.01974260529813 33.08263735311774 33.14553210093735 33.20842684875697 33.27132159657658 33.3342163443962 33.39711109221582 33.46000584003543 33.52290058785505 33.58579533567466 33.64869008349428 33.71158483131389 33.77447957913351 33.83737432695312 33.90026907477274 33.96316382259236 34.02605857041197 34.08895331823159 34.1518480660512 34.21474281387082 34.27763756169043 34.34053230951005 34.40342705732967 34.46632180514928 34.5292165529689 34.59211130078851 34.65500604860813 34.71790079642774 34.78079554424735 34.84369029206697 34.90658503988659 34.96947978770621 35.03237453552582 35.09526928334543 35.15816403116505 35.22105877898466 35.28395352680428 35.34684827462389 35.40974302244351 35.47263777026313 35.53553251808274 35.59842726590236 35.66132201372197 35.72421676154159 35.7871115093612 35.85000625718082 35.91290100500044 35.97579575282005 36.03869050063967 36.10158524845928 36.1644799962789 36.22737474409851 36.29026949191813 36.35316423973774 36.41605898755736 36.47895373537698 36.54184848319659 36.60474323101621 36.66763797883582 36.73053272665544 36.79342747447505 36.85632222229466 36.91921697011428 36.9821117179339 37.04500646575352 37.10790121357313 37.17079596139274 37.23369070921236 37.29658545703197 37.35948020485159 37.42237495267121 37.48526970049083 37.54816444831044 37.61105919613005 37.67395394394967 37.73684869176928 37.7997434395889 37.86263818740851 37.92553293522813 37.98842768304775 38.05132243086736 38.11421717868698 38.17711192650659 38.24000667432621 38.30290142214582 38.36579616996544 38.42869091778505 38.49158566560467 38.55448041342429 38.6173751612439 38.68026990906352 38.74316465688313 38.80605940470275 38.86895415252236 38.93184890034198 38.9947436481616 39.05763839598121 39.12053314380083 39.18342789162044 39.24632263944005 39.30921738725967 39.37211213507928 39.4350068828989 39.49790163071852 39.56079637853814 39.62369112635775 39.68658587417736 39.74948062199698 39.81237536981659 39.87527011763621 39.93816486545582 40.00105961327544 40.06395436109506 40.12684910891467 40.18974385673429 40.2526386045539 40.31553335237352 40.37842810019313 40.44132284801275 40.50421759583237 40.56711234365198 40.6300070914716 40.69290183929121 40.75579658711083 40.81869133493044 40.88158608275005 40.94448083056967 41.00737557838929 41.07027032620891 41.13316507402852 41.19605982184814 41.25895456966775 41.32184931748736 41.38474406530698 41.44763881312659 41.51053356094621 41.57342830876583 41.63632305658545 41.69921780440506 41.76211255222467 41.82500730004429 41.8879020478639 41.95079679568352 42.01369154350314 42.07658629132276 42.13948103914237 42.20237578696198 42.2652705347816 42.32816528260121 42.39106003042083 42.45395477824044 42.51684952606006 42.57974427387968 42.64263902169929 42.70553376951891 42.76842851733852 42.83132326515814 42.89421801297775 42.95711276079737 43.02000750861698 43.0829022564366 43.14579700425622 43.20869175207583 43.27158649989545 43.33448124771506 43.39737599553467 43.46027074335429 43.52316549117391 43.58606023899353 43.64895498681314 43.71184973463276 43.77474448245237 43.83763923027198 43.9005339780916 43.96342872591121 44.02632347373083 44.08921822155045 44.15211296937007 44.21500771718968 44.27790246500929 44.34079721282891 44.40369196064852 44.46658670846814 44.52948145628775 44.59237620410737 44.65527095192699 44.7181656997466 44.78106044756622 44.84395519538583 44.90684994320545 44.96974469102506 45.03263943884468 45.0955341866643 45.15842893448391 45.22132368230353 45.28421843012314 45.34711317794276 45.41000792576237 45.47290267358198 45.5357974214016 45.59869216922122 45.66158691704084 45.72448166486045 45.78737641268007 45.85027116049968 45.91316590831929 45.97606065613891 46.03895540395852 46.10185015177814 46.16474489959776 46.22763964741738 46.29053439523699 46.3534291430566 46.41632389087622 46.47921863869583 46.54211338651545 46.60500813433507 46.66790288215468 46.7307976299743 46.79369237779391 46.85658712561353 46.91948187343314 46.98237662125276 47.04527136907237 47.10816611689199 47.17106086471161 47.23395561253122 47.29685036035084 47.35974510817045 47.42263985599007 47.48553460380968 47.5484293516293 47.61132409944891 47.67421884726853 47.73711359508815 47.80000834290776 47.86290309072738 47.92579783854699 47.9886925863666 48.05158733418622 48.11448208200584 48.17737682982546 48.24027157764507 48.30316632546469 48.3660610732843 48.42895582110391 48.49185056892353 48.55474531674314 48.61764006456276 48.68053481238238 48.74342956020199 48.80632430802161 48.86921905584122 48.93211380366084 48.99500855148045 49.05790329930007 49.12079804711968 49.1836927949393 49.24658754275892 49.30948229057853 49.37237703839815 49.43527178621776 49.49816653403738 49.56106128185699 49.62395602967661 49.68685077749623 49.74974552531584 49.81264027313546 49.87553502095507 49.93842976877469 50.0013245165943 50.06421926441391 50.12711401223353 50.19000876005315 50.25290350787277 50.31579825569238 50.37869300351199 50.44158775133161 50.50448249915122 50.56737724697084 50.63027199479045 50.69316674261007 50.75606149042969 50.8189562382493 50.88185098606892 50.94474573388853 51.00764048170815 51.07053522952776 51.13342997734738 51.196324725167 51.25921947298661 51.32211422080623 51.38500896862584 51.44790371644546 51.51079846426507 51.57369321208469 51.6365879599043 51.69948270772392 51.76237745554354 51.82527220336315 51.88816695118277 51.95106169900238 52.013956446822 52.07685119464161 52.13974594246123 52.20264069028084 52.26553543810046 52.32843018592008 52.39132493373969 52.4542196815593 52.51711442937892 52.58000917719853 52.64290392501815 52.70579867283777 52.76869342065739 52.831588168477 52.89448291629661 52.95737766411623 53.02027241193584 53.08316715975546 53.14606190757507 53.20895665539469 53.27185140321431 53.33474615103392 53.39764089885354 53.46053564667315 53.52343039449277 53.58632514231238 53.649219890132 53.71211463795161 53.77500938577123 53.83790413359085 53.90079888141046 53.96369362923008 54.02658837704969 54.0894831248693 54.15237787268892 54.21527262050854 54.27816736832816 54.34106211614777 54.40395686396739 54.466851611787 54.52974635960661 54.59264110742623 54.65553585524584 54.71843060306546 54.78132535088508 54.8442200987047 54.90711484652431 54.97000959434392 55.03290434216354 55.09579908998315 55.15869383780277 55.22158858562238 55.284483333442 55.34737808126162 55.41027282908123 55.47316757690085 55.53606232472046 55.59895707254008 55.66185182035969 55.72474656817931 55.78764131599893 55.85053606381854 55.91343081163816 55.97632555945777 56.03922030727739 56.102115055097 56.16500980291661 56.22790455073623 56.29079929855585 56.35369404637547 56.41658879419508 56.4794835420147 56.54237828983431 56.60527303765392 56.66816778547354 56.73106253329316 56.79395728111277 56.85685202893239 56.91974677675201 56.98264152457162 57.04553627239123 57.10843102021085 57.17132576803046 57.23422051585008 57.2971152636697 57.36001001148932 57.42290475930893 57.48579950712854 57.54869425494816 57.61158900276777 57.67448375058739 57.737378498407 57.80027324622662 57.86316799404624 57.92606274186585 57.98895748968547 58.05185223750508 58.1147469853247 58.17764173314431 58.24053648096393 58.30343122878354 58.36632597660316 58.42922072442278 58.49211547224239 58.55501022006201 58.61790496788162 58.68079971570123 58.74369446352085 58.80658921134047 58.86948395916009 58.9323787069797 58.99527345479932 59.05816820261893 59.12106295043854 59.18395769825816 59.24685244607777 59.30974719389739 59.37264194171701 59.43553668953663 59.49843143735624 59.56132618517585 59.62422093299547 59.68711568081508 59.7500104286347 59.81290517645431 59.87579992427393 59.93869467209355 60.00158941991316 60.06448416773278 60.12737891555239 60.19027366337201 60.25316841119162 60.31606315901124 60.37895790683086 60.44185265465047 60.50474740247009 60.5676421502897 60.63053689810932 60.69343164592893 60.75632639374854 60.81922114156816 60.88211588938778 60.9450106372074 61.00790538502701 61.07080013284663 61.13369488066624 61.19658962848585 61.25948437630547 61.32237912412509 61.3852738719447 61.44816861976432 61.51106336758394 61.57395811540355 61.63685286322316 61.69974761104278 61.76264235886239 61.82553710668201 61.88843185450163 61.95132660232124 62.01422135014086 62.07711609796047 62.14001084578009 62.2029055935997 62.26580034141932 62.32869508923893 62.39158983705855 62.45448458487817 62.51737933269778 62.5802740805174 62.64316882833701 62.70606357615663 62.76895832397624 62.83185307179586


# name: x
# type: matrix
# rows: 1
# columns: 1000
 5 4.993907701320592 4.975625501478295 4.94513773779823 4.90241913219834 4.847436021158681 4.780148058576919 4.700510372613477 4.608476152521617 4.503999636564407 4.387039467486164 4.2575623776724 4.115547162139143 3.960988893876192 3.793903332863145 3.614331477311726 3.422344203389657 3.21804693787261 3.001584306869859 2.773144702990725 2.532964713072228 2.281333348879183 2.0185960240171 1.745158221661847 1.461488799600271 1.168122881479787 0.8656642860656606 0.5547874496808984 0.2362388008299028 -0.08916244974566134 -0.4205241356952421 -0.756881605501575 -1.097198858567292 -1.440370363207632 -1.785223567016988 -2.130522104104752 -2.474969697594249 -2.817214749597248 -3.155855604667004 -3.489446466546219 -3.816503941914791 -4.135514178857084 -4.444940561960648 -4.743231920377418 -5.028831199872892 -5.300184544904817 -5.555750732154763 -5.794010892724964 -6.013478456447649 -6.212709248469738 -6.390311665504214 -6.544956856908058 -6.675388834079484 -6.780434430583183 -6.859013034926788 -6.910146018034624 -6.932965778201816 -6.926724327663579 -6.890801346876957 -6.824711635176564 -6.728111889618084 -6.600806747545325 -6.442754032685269 -6.254069149363532 -6.035028574708293 -5.786072404438499 -5.507805913972401 -5.20100010310272 -4.866591199318512 -4.505679101962828 -4.119524756747524 -3.709546457649613 -3.277315080831477 -2.824548262904273 -2.353103543532982 -1.864970500004499 -1.362261908890586 -0.8472039772773088 -0.322125693146301 0.2105526486738032 0.7483316820687831 1.288645897681994 1.828877188726778 2.366368934653067 2.898440538069979 3.422402326202199 3.935570724626555 4.435283608126595 4.918915731243773 5.383894139513575 5.827713461471184 6.247950981304451 6.642281392527932 7.008491134252441 7.344492213524443 7.648335419800157 7.918222840885659 8.152519593596384 8.349764686943892 8.508680940814074 8.628183888826287 8.707389600318837 8.745621363150493 8.742415176194831 8.697524007985002 8.610920785888135 8.482800088397108 8.313578521564759 8.103893769213373 7.854602315269652 7.566775845341443 7.241696343404669 6.880849908146045 6.485919322047011 6.058775414636464 5.60146726942515 5.116211331804585 4.605379482593605 4.071486148892245 3.517174530406158 2.945202025388719 2.358424945768889 1.759782615852163 1.152280953165491 0.5389756335333243 -0.07704505470239739 -0.6926775602924511 -1.304820514108855 -1.910392160530507 -2.506347666217939 -3.089696198142708 -3.657517664306419 -4.206979012876712 -4.735349988468339 -5.240018247983012 -5.718503742766879 -6.168472278818117 -6.587748172342184 -6.974325924070497 -7.326380842384378 -7.642278552373782 -7.920583335457726 -8.160065252047524 -8.359706007889137 -8.518703533117865 -8.636475251638641 -8.712660027146912 -8.747118780866485 -8.739933784840428 -8.691406643306767 -8.602054983261596 -8.472607883697709 -8.304000081148978 -8.097364997012207 -7.854026639605224 -7.575490441001113 -7.263433095304443 -6.919691471162793 -6.546250676893167 -6.145231361611695 -5.718876340154016 -5.269536633334033 -4.79965701818792 -4.311761185268999 -3.808436601785203 -3.29231918039548 -2.766077853801251 -2.232399154887523 -1.693971901091547 -1.153472079917543 -0.6135480300924896 -0.0768060097909844 0.4542037603251159 0.97700049577426 1.489185609968135 1.988454765634681 2.472609148410059 2.939565901272959 3.387367665081867 3.814191177384308 4.218354888842235 4.598325564005579 4.952723840710051 5.280328730017477 5.580081046301068 5.851085764745373 6.092613311125513 6.304099796195271 6.48514621429532 6.635516632837644 6.755135406079678 6.844083453023435 6.902593645316252 6.931045356647599 6.92995823029378 6.899985226122904 6.841905012507151 6.75661377217084 6.645116494009533 6.508517825330335 6.348012560774102 6.164875845378334 5.960453169822851 5.736150235870385 5.493422769378084 5.233766357024201 4.958706381084404 4.669788124223092 4.368567113362708 4.056599768286167 3.735434416747726 3.406602733551004 3.071611656339119 2.731935825773508 2.389010592399188 2.044225626851815 1.698919164205214 1.354372907236606 1.011807607251269 0.6723793349116756 0.3371764473084384 0.007217251344608711 -0.3165516425694357 -0.6332562884452598 -0.9420957119464907 -1.242341580102285 -1.533337261911298 -1.814496313145633 -2.085300423206121 -2.345296866024778 -2.594095500727032 -2.831365371025455 -3.056830955095374 -3.270268119959519 -3.471499836168197 -3.660391709792422 -3.836847389441989 -4.000803906176491 -4.152227003797279 -4.291106516097976 -4.417451846221683 -4.531287601340294 -4.632649433453747 -4.721580134229264 -4.798126028489012 -4.862333707241111 -4.914247137066937 -4.953905178265126 -4.981339539449607 -4.996573191347723 -4.999619257389708 -4.990480393368819 -4.969148663029694 -4.935605910959467 -4.889824628661025 -4.831769304229262 -4.761398240678313 -4.678665822728542 -4.583525206803342 -4.475931404153084 -4.35584472246076 -4.223234527031465 -4.078083278766094 -3.920390802602348 -3.750178737008429 -3.567495112463468 -3.372419004681202 -3.165065206649838 -2.945588862389841 -2.714190004684667 -2.471117938927307 -2.216675415650638 -1.951222535272924 -1.675180330086229 -1.389033970534991 -1.093335545362631 -0.7887063682247396 -0.4758387668596504 -0.1554973148408767 0.1714805297162154 0.5041844093948737 0.8416317024967808 1.182768828303564 1.52647323741221 1.871556096133996 2.216765667937185 2.56079138878737 2.902268627046395 3.239784112381622 3.571882011965429 3.89707062615939 4.213829669932419 4.520618100506386 4.815882446206205 5.098065586262011 5.365615926414296 5.616996910653185 5.85069680531949 6.06523868814733 6.25919057166919 6.431175587765106 6.579882158045438 6.704074073233538 6.802600403779219 6.874405163599397 6.918536649118725 6.934156376673605 6.920547542847969 6.8771229344233 6.803432217337949 6.699168537347478 6.564174368938615 6.39844655345092 6.202140472272832 5.975573306371565 5.719226339250209 5.433746266663114 5.119945483015554 4.778801321281344 4.411454230441566 4.019204881827625 3.603510203289149 3.165978347744602 2.708362610356122 2.232554316240044 1.740574708225102 1.234565871642983 0.7167807404251298 0.1895722358272864 -0.3446184041415454 -0.8832740401022898 -1.423814721007305 -1.963611372100485 -2.49999999999997 -3.030296329220042 -3.55181078047096 -4.061863697695911 -4.557800728056765 -5.037008256985938 -5.496928799001995 -5.93507624425641 -6.349050860746665 -6.736553952804429 -7.095402077842261 -7.42354072541698 -7.719057365428253 -7.980193775703783 -8.205357563304677 -8.393132798593058 -8.542289686405201 -8.651793204535712 -8.720810646120061 -8.74871800936228 -8.735105185345054 -8.679779902330093 -8.58277039295572 -8.444326759009327 -8.264921016938224 -8.045245815903101 -7.786211828913648 -7.488943826354525 -7.154775449948647 -6.785242713853747 -6.382076268083993 -5.947192467731982 -5.482683299478183 -4.990805224557518 -4.473967004652235 -3.934716584042604 -3.375727107725266 -2.799782161055954 -2.209760321747346 -1.608619119715848 -0.9993785042914608 -0.3851039216493349 0.2311108920281968 0.8461612942180076 1.456949187907441 2.06040043252315 2.653482105108318 3.233219503937544 3.796712788510433 4.341153152335723 4.863838428091983 5.362188028604473 5.833757131582663 6.276250021188271 6.687532505210532 7.065643332875485 7.408804545061455 7.715430695888308 7.984136892239562 8.213745605711534 8.403292219704291 8.552029282818248 8.659429448335905 8.725187088290838 8.749218579392952 8.73166126682834 8.67287112062224 8.573419107783918 8.434086311781989 8.255857838971261 8.039915559349875 7.787629736415731 7.500549607862956 7.180392985365049 6.829034947686092 6.448495706807848 6.040927731619143 5.608602217955631 5.153894997375588 4.679271979987252 4.18727422889071 3.680502765347717 3.161603204642057 2.633250322736653 2.098132653277783 1.558937213247442 1.018334453638597 0.4789635289403653 -0.05658202400264578 -0.5857681110245467 -1.106133327241914 -1.615301547850669 -2.110993791187615 -2.591039288030738 -3.053385697426447 -3.496108416002866 -3.917418934709163 -4.315672204154367 -4.689372977151449 -5.037181104645865 -5.357915768866754 -5.650558645223454 -5.914255992125034 -6.148319675467794 -6.352227141960208 -6.525620362682009 -6.668303775251469 -6.780241259653451 -6.86155218911108 -6.912506603323166 -6.933519556896173 -6.925144700835229 -6.88806715949065 -6.823095769355444 -6.731154749548138 -6.613274876676425 -6.47058423904118 -6.304298646798827 -6.115711775744051 -5.906185122805344 -5.677137851162231 -5.430036602107993 -5.166385349403164 -4.88771536991321 -4.595575401819487 -4.291522058660318 -3.977110563930644 -3.653885866975546 -3.323374196493694 -2.987075103160147 -2.646454037727681 -2.302935505516433 -1.957896832501634 -1.612662572305761 -1.268499577347316 -0.9266127512426472 -0.5881414933527254 -0.2541568401649716 0.07434069794758291 0.3964226120905847 0.7112331957261848 1.01798969014148 1.315981799024081 1.60457060180945 1.883186900280199 2.151329037343308 2.408560230951633 2.654505469740957 2.888848020095045 3.111325597005693 3.321726253244094 3.519884042987647 3.705674517143391 3.879010108169946 4.039835462220895 4.188122775919238 4.323867194031458 4.447082322752707 4.557795911258476 4.656045751643543 4.741875844379729 4.815332873008904 4.876463027978887 4.925309215361458 4.961908681702728 4.986291081487011 4.998477008688742 4.998477008688742 4.986291081487011 4.96190868170273 4.925309215361462 4.876463027978891 4.815332873008902 4.741875844379734 4.656045751643549 4.557795911258473 4.447082322752704 4.323867194031467 4.188122775919233 4.039835462220907 3.879010108169962 3.705674517143391 3.519884042987668 3.321726253244109 3.111325597005695 2.888848020095039 2.654505469740975 2.408560230951662 2.151329037343329 1.883186900280232 1.604570601809461 1.315981799024106 1.017989690141481 0.711233195726201 0.3964226120906278 0.07434069794761156 -0.2541568401649255 -0.5881414933527125 -0.9266127512426212 -1.268499577347266 -1.612662572305729 -1.957896832501584 -2.3029355055164 -2.646454037727628 -2.987075103160131 -3.323374196493662 -3.653885866975494 -3.977110563930607 -4.291522058660266 -4.595575401819457 -4.887715369913172 -5.166385349403143 -5.430036602107966 -5.677137851162186 -5.906185122805319 -6.115711775744014 -6.304298646798792 -6.470584239041163 -6.613274876676407 -6.73115474954811 -6.823095769355422 -6.888067159490641 -6.925144700835217 -6.933519556896172 -6.912506603323153 -6.861552189111083 -6.780241259653457 -6.66830377525147 -6.52562036268201 -6.35222714196023 -6.148319675467794 -5.914255992125055 -5.650558645223491 -5.357915768866777 -5.037181104645912 -4.689372977151483 -4.315672204154422 -3.917418934709177 -3.496108416002907 -3.053385697426517 -2.591039288030784 -2.110993791187691 -1.615301547850723 -1.106133327241965 -0.5857681110245745 -0.05658202400270729 0.478963528940278 1.018334453638542 1.558937213247353 2.098132653277728 2.633250322736586 3.161603204642024 3.680502765347665 4.187274228890613 4.679271979987188 5.153894997375508 5.608602217955599 6.040927731619099 6.448495706807781 6.829034947686039 7.18039298536499 7.500549607862922 7.787629736415671 8.039915559349856 8.255857838971238 8.434086311781959 8.573419107783906 8.672871120622222 8.731661266828327 8.74921857939295 8.725187088290836 8.659429448335908 8.552029282818266 8.403292219704307 8.213745605711566 7.984136892239587 7.715430695888339 7.408804545061471 7.065643332875521 6.687532505210603 6.276250021188321 5.833757131582738 5.362188028604502 4.863838428092036 4.341153152335744 3.796712788510502 3.233219503937638 2.653482105108378 2.060400432523249 1.456949187907479 0.8461612942180704 0.2311108920282989 -0.3851039216492719 -0.9993785042913592 -1.608619119715772 -2.209760321747247 -2.799782161055931 -3.375727107725196 -3.934716584042514 -4.473967004652181 -4.990805224557436 -5.482683299478135 -5.947192467731929 -6.382076268083969 -6.785242713853708 -7.154775449948588 -7.48894382635449 -7.786211828913603 -8.045245815903076 -8.264921016938207 -8.444326759009323 -8.582770392955712 -8.679779902330084 -8.735105185345052 -8.748718009362287 -8.720810646120068 -8.651793204535727 -8.54228968640523 -8.393132798593088 -8.20535756330472 -7.980193775703816 -7.719057365428303 -7.423540725416998 -7.095402077842311 -6.736553952804494 -6.349050860746715 -5.935076244256491 -5.496928799002055 -5.037008256985994 -4.557800728056797 -4.061863697695963 -3.551810780471052 -3.030296329220109 -2.50000000000006 -1.963611372100546 -1.423814721007371 -0.8832740401023262 -0.3446184041416045 0.1895722358272012 0.7167807404250777 1.2345658716429 1.740574708225048 2.232554316239995 2.708362610356102 3.165978347744558 3.603510203289084 4.019204881827588 4.41145423044151 4.778801321281332 5.119945483015527 5.433746266663072 5.719226339250189 5.975573306371539 6.202140472272825 6.398446553450899 6.56417436893862 6.69916853734747 6.803432217337948 6.877122934423303 6.920547542847974 6.934156376673617 6.918536649118746 6.874405163599413 6.802600403779238 6.704074073233564 6.579882158045455 6.431175587765146 6.259190571669217 6.065238688147359 5.850696805319505 5.616996910653222 5.365615926414343 5.098065586262045 4.815882446206254 4.520618100506402 4.213829669932453 3.897070626159442 3.571882011965464 3.239784112381676 2.90226862704643 2.560791388787422 2.216765667937197 1.871556096134028 1.52647323741226 1.182768828303593 0.8416317024968289 0.5041844093949006 0.1714805297162572 -0.1554973148408729 -0.4758387668596279 -0.788706368224699 -1.093335545362606 -1.38903397053496 -1.675180330086212 -1.951222535272909 -2.216675415650648 -2.471117938927301 -2.71419000468464 -2.945588862389816 -3.165065206649829 -3.372419004681188 -3.567495112463448 -3.750178737008437 -3.920390802602343 -4.078083278766074 -4.223234527031467 -4.355844722460747 -4.475931404153079 -4.583525206803344 -4.678665822728538 -4.761398240678303 -4.831769304229262 -4.889824628661025 -4.935605910959461 -4.969148663029696 -4.990480393368819 -4.999619257389707 -4.996573191347722 -4.981339539449607 -4.953905178265128 -4.914247137066936 -4.862333707241111 -4.798126028489017 -4.72158013422928 -4.632649433453749 -4.531287601340303 -4.417451846221678 -4.291106516097981 -4.152227003797288 -4.000803906176483 -3.836847389442 -3.660391709792435 -3.471499836168194 -3.270268119959523 -3.056830955095394 -2.831365371025443 -2.594095500727044 -2.345296866024808 -2.085300423206117 -1.814496313145655 -1.533337261911315 -1.242341580102299 -0.9420957119465195 -0.6332562884452867 -0.3165516425694832 0.007217251344596054 0.3371764473084005 0.6723793349116627 1.011807607251242 1.354372907236556 1.698919164205186 2.044225626851764 2.389010592399165 2.731935825773466 3.071611656339094 3.406602733550969 3.735434416747675 4.056599768286129 4.368567113362664 4.669788124223059 4.958706381084355 5.233766357024186 5.493422769378062 5.73615023587033 5.96045316982282 6.164875845378312 6.348012560774076 6.508517825330304 6.645116494009504 6.756613772170813 6.841905012507125 6.899985226122899 6.929958230293757 6.931045356647591 6.902593645316252 6.844083453023425 6.755135406079678 6.635516632837664 6.485146214295319 6.304099796195286 6.092613311125526 5.851085764745387 5.580081046301103 5.280328730017506 4.952723840710084 4.598325564005601 4.218354888842283 3.814191177384335 3.387367665081909 2.93956590127303 2.472609148410109 1.988454765634747 1.489185609968169 0.9770004957743348 0.4542037603251421 -0.07680600979093066 -0.613548030092409 -1.153472079917497 -1.693971901091475 -2.232399154887468 -2.76607785380117 -3.292319180395389 -3.80843660178513 -4.311761185268904 -4.799657018187882 -5.269536633333975 -5.718876340153973 -6.145231361611647 -6.546250676893107 -6.919691471162744 -7.263433095304385 -7.575490441001072 -7.854026639605178 -8.097364997012185 -8.304000081148963 -8.472607883697673 -8.602054983261581 -8.691406643306756 -8.739933784840417 -8.747118780866483 -8.712660027146907 -8.636475251638647 -8.518703533117884 -8.359706007889153 -8.160065252047552 -7.920583335457744 -7.64227855237382 -7.326380842384436 -6.974325924070538 -6.587748172342248 -6.168472278818157 -5.718503742766945 -5.240018247983044 -4.735349988468418 -4.206979012876806 -3.657517664306473 -3.089696198142815 -2.506347666217987 -1.910392160530584 -1.304820514108906 -0.6926775602925307 -0.07704505470249953 0.5389756335332436 1.152280953165392 1.75978261585212 2.358424945768792 2.945202025388681 3.517174530406092 4.071486148892165 4.605379482593553 5.116211331804513 5.601467269425106 6.058775414636406 6.485919322046989 6.880849908145999 7.241696343404611 7.566775845341418 7.854602315269618 8.103893769213357 8.31357852156474 8.482800088397083 8.610920785888126 8.697524007984995 8.742415176194838 8.745621363150502 8.707389600318846 8.628183888826296 8.508680940814109 8.349764686943915 8.152519593596415 7.918222840885689 7.6483354198002 7.344492213524481 7.008491134252498 6.642281392528002 6.247950981304484 5.827713461471265 5.383894139513613 4.918915731243833 4.435283608126635 3.935570724626611 3.422402326202281 2.898440538070037 2.366368934653151 1.828877188726814 1.288645897682069 0.7483316820688832 0.2105526486738549 -0.322125693146208 -0.8472039772772624 -1.362261908890522 -1.86497050000446 -2.353103543532927 -2.824548262904201 -3.277315080831434 -3.709546457649556 -4.119524756747492 -4.505679101962786 -4.866591199318496 -5.201000103102686 -5.507805913972356 -5.786072404438481 -6.035028574708264 -6.254069149363531 -6.442754032685259 -6.600806747545317 -6.728111889618092 -6.824711635176568 -6.890801346876955 -6.926724327663575 -6.932965778201829 -6.910146018034634 -6.859013034926811 -6.780434430583207 -6.675388834079511 -6.544956856908093 -6.390311665504251 -6.212709248469753 -6.013478456447669 -5.794010892725018 -5.555750732154791 -5.300184544904856 -5.028831199872924 -4.743231920377459 -4.444940561960677 -4.135514178857126 -3.816503941914847 -3.489446466546251 -3.155855604667055 -2.817214749597274 -2.474969697594291 -2.130522104104772 -1.785223567017022 -1.440370363207684 -1.097198858567317 -0.756881605501617 -0.4205241356952669 -0.08916244974568954 0.2362388008298897 0.5547874496808667 0.8656642860656325 1.168122881479769 1.461488799600237 1.745158221661844 2.018596024017079 2.281333348879167 2.532964713072223 2.773144702990706 3.001584306869841 3.218046937872606 3.422344203389654 3.614331477311707 3.793903332863116 3.960988893876187 4.115547162139126 4.257562377672406 4.38703946748616 4.503999636564401 4.608476152521621 4.700510372613474 4.780148058576914 4.847436021158671 4.902419132198341 4.945137737798227 4.975625501478298 4.993907701320593 5


# name: y
# type: matrix
# rows: 1
# columns: 1000
 0 0.2640952134892511 0.5278133247583343 0.7907735528066836 1.052587813679061 1.312857204977211 1.5711686520891 1.827091767606306 2.080175973339546 2.329947931799627 2.575909331008186 2.817535063065054 3.054271833056211 3.285537230671248 3.51071929234791 3.729176576912909 3.940238772584403 4.14320784788641 4.337359753544678 4.521946676835059 4.696199844187223 4.859332862158795 5.010545581236701 5.149028461343961 5.273967412480332 5.384549078652568 5.479966528201793 5.559425308857046 5.622149821378934 5.667389961546597 5.694427976523161 5.702585478344931 5.691230554449495 5.659784912816185 5.607730997463274 5.534619008750228 5.440073762186453 5.323801319261801 5.185595324195846 5.025342981455133 4.843030610408013 4.638748715568647 4.412696513513772 4.165185860721987 3.896644530265214 3.607618789450842 3.298775235142216 2.970901848541527 2.624908236666756 2.261825033552922 1.88280244031475 1.489107889577336 1.08212282636496 0.6633386042862064 0.2343515027134899 -0.2031431224256544 -0.6473575347041156 -1.096419133681425 -1.548378758633786 -2.001219739728453 -2.452867650441603 -2.901200708880992 -3.344060769850311 -3.779264844029939 -4.204617075594169 -4.617921104981415 -5.016992739420667 -5.399672850231338 -5.763840412887129 -6.10742560339559 -6.428422862718808 -6.724903839765571 -6.995030122937512 -7.237065670320557 -7.449388849383756 -7.630503998481 -7.779052424541655 -7.893822754074548 -7.973760557981056 -8.017977174657464 -8.025757660440217 -7.996567801581014 -7.930060127598576 -7.826078872002952 -7.684663832984981 -7.506053093663101 -7.290684568833834 -7.039196352829902 -6.752425850997327 -6.431407685404352 -6.077370373632917 -5.691731787818822 -5.276093409440372 -4.832233403646166 -4.362098545101738 -3.867795035361365 -3.351578259577199 -2.815841537885998 -2.263103934007265 -1.695997190393845 -1.117251865644745 -0.5296827557730657 0.06382631372470715 0.6603382332697056 1.256878796168955 1.850453227712558 2.438062954094838 3.016722506677604 3.583476455646451 4.135416266365663 4.669696971721037 5.183553554457101 5.674316934960896 6.139429462112298 6.576459807696987 6.983117168443512 7.357264683978466 7.696931983863635 8.000326782354438 8.265845445561943 8.49208246226978 8.677838756707214 8.822128789061507 8.924186397374001 8.983469342651036 8.999662527474817 8.97267986706203 8.902664800528393 8.789989439013546 8.635252356240592 8.439275035965208 8.203096999548375 7.927969645503104 7.615348841258011 7.266886315491231 6.884419907159875 6.469962734728517 6.025691356034672 5.553932995670636 5.057151922666191 4.537935066583614 3.998976964850242 3.443064138222071 2.873058994666533 2.291883364653616 1.702501772832652 1.107904552336055 0.5110909084853459 -0.08494796152430295 -0.6772455873112344 -1.262876678363115 -1.838973209808842 -2.402740042290462 -2.951469981017102 -3.482558183412395 -3.993515829695394 -4.481982976225101 -4.945740517447113 -5.382721188764006 -5.791019549559914 -6.168900892891814 -6.514809035963008 -6.827372953360575 -7.105412223111702 -7.347941263833514 -7.554172349558452 -7.72351739715201 -7.855588529541093 -7.950197426180589 -8.007353480244131 -8.027260789874974 -8.010314018419733 -7.957093165837827 -7.868357300382836 -7.745037306140739 -7.588227708040624 -7.399177641484972 -7.179281038742944 -6.930066108678878 -6.65318419022138 -6.350398063193181 -6.023569802699586 -5.674648265200256 -5.305656295657025 -4.918677745755708 -4.515844393143698 -4.09932285091422 -3.671301555213885 -3.233977916868778 -2.789545720335628 -2.340182850115822 -1.888039421048741 -1.435226384661421 -0.9838046790314834 -0.535774984459551 -0.09306814169033251 0.3424637164860815 0.7690552756294318 1.185035353876842 1.588833388496019 1.978985070058906 2.354137106422772 2.713051105634023 3.054606573779087 3.377803030643816 3.681761252754573 3.965723659908754 4.229053867610872 4.471235433864069 4.691869834481984 4.890673706439146 5.067475403730803 5.22221091473036 5.354919194081624 5.465736965716571 5.554893056623927 5.622702323489483 5.669559236271716 5.695931184154903 5.702351570131632 5.689412760706026 5.6577589568816 5.608079051712384 5.541099538264963 5.457577529879692 5.358293952153074 5.244046963115633 5.115645654679299 4.973904084608811 4.819635684068598 4.65364808124918 4.476738376727092 4.289688901103583 4.093263480145972 3.888204227169028 3.675228876790407 3.455028668524054 3.228266782987881 2.995577327846577 2.757564865036916 2.514804465379252 2.267842271412175 2.017196544243515 1.763359165432764 1.506797560449396 1.247957006126034 0.9872632807810318 0.7251256123537113 0.4619398770050737 0.1980919982129053 -0.0660385055468318 -0.3300748778746866 -0.5936394405390178 -0.8563499232393789 -1.117815861565805 -1.377635117020438 -1.635390571790562 -1.890647049274538 -2.142948509179497 -2.391815563349548 -2.63674335536904 -2.877199843443966 -3.112624522124931 -3.34242761413319 -3.565989758921197 -3.782662219683323 -3.991767625371341 -4.192601258908522 -4.384432897281267 -4.566509203567051 -4.738056665279379 -4.898285067725545 -5.046391485429957 -5.181564769124856 -5.302990500400149 -5.409856380883212 -5.501358017834556 -5.576705063341123 -5.635127659908596 -5.675883141238288 -5.698262933359817 -5.701599598112991 -5.685273958261855 -5.648722241308191 -5.59144317737413 -5.513004985363402 -5.413052181003361 -5.291312140324792 -5.147601352661469 -4.981831298345254 -4.794013887934936 -4.584266402037091 -4.352815873544952 -4.100002857417661 -3.826284536926885 -3.532237119584945 -3.218557480707175 -2.886064017719571 -2.535696683861568 -2.168516175813902 -1.785702255958048 -1.388551196401923 -0.9784723385351528 -0.5569837686589392 -0.1257071171148438 0.3136385047374526 0.7592434084265227 1.209215045039156 1.661586499796592 2.114325723115851 2.565345450393808 3.012513756687951 3.45366518672947 3.88661239533977 4.309158228375544 4.719108169843365 5.114283076839678 5.492532120523022 5.851745848443312 6.189869281265057 6.504914955251272 6.794975820840207 7.058237907263098 7.292992663424363 7.497648886203012 7.670744148931898 7.81095564506528 7.917110364943229 7.988194527088256 8.023362189603437 8.021942971957703 7.983448822712353 7.907579774528445 7.794228634059953 7.643484561039197 7.455635497954027 7.231169419151031 6.970774375924384 6.675337322111052 6.345941712854153 5.983863877459004 5.590568175592386 5.167700954403409 4.717083332416196 4.240702844198063 3.740703987784049 3.219377724580073 2.6791499889172 2.122569271530433 1.552293347938641 0.9710752289532971 0.3817484162987135 -0.2127884484594575 -0.809587448847397 -1.405667675429271 -1.998031824548719 -2.583683010950122 -3.159641689364453 -3.722962578855918 -4.270751483162583 -4.800181900430466 -5.308511316641455 -5.793097078661419 -6.251411745182076 -6.681057816880059 -7.079781750851376 -7.445487168774191 -7.776247173277141 -8.070315692611782 -8.326137779906009 -8.542358799968968 -8.717832443780768 -8.851627518381999 -8.943033467825661 -8.991564589113601 -8.99696291555086 -8.959199748656923 -8.878475828610469 -8.755220142112314 -8.590087375467014 -8.383954029544894 -8.137913222030178 -7.853268210927059 -7.531524681622952 -7.174381847839199 -6.783722424477979 -6.361601537646053 -5.910234643951807 -5.431984537482958 -4.929347528637027 -4.404938884153155 -3.861477622249467 -3.301770760671741 -2.728697118683284 -2.145190776548992 -1.554224297875256 -0.9587918212494663 -0.3618921279728957 0.2334882077000991 0.8243914805121058 1.40790522485996 1.98117819320378 2.54143584447438 3.085995248585607 3.612279317640593 4.11783027949351 4.60032231495148 5.057573286034192 5.487555489301491 5.888405375267106 6.258432182283974 6.596125440960591 6.900161313091644 7.169407737200823 7.402928361041981 7.599985249723885 7.760040366456121 7.882755831197874 7.967992970668169 8.015810181187542 8.026459633610928 8.000382857123357 7.938205245853758 7.840729539065674 7.708928332062349 7.543935680852552 7.347037869025419 7.119663410138664 6.863372363207938 6.579845042565085 6.270870206410077 5.938332810797679 5.58420141756289 5.210515345790731 4.819371656876646 4.412912063002393 3.993309847979476 3.562756887899665 3.123450856896276 2.677582700584477 2.227324456438041 1.774817496506626 1.322161263514034 0.8714025665439267 0.4245254972552963 -0.01655797807928128 -0.4500167014062593 -0.8741082375653457 -1.287185984288607 -1.687705447706747 -2.074229660374134 -2.445433725730494 -2.800108479845359 -3.137163268188146 -3.455627841976843 -3.754653385330701 -4.033512690934853 -4.291599508169035 -4.528427093610739 -4.743625999451152 -4.936941140619625 -5.10822818625897 -5.257449325596776 -5.384668462186101 -5.490045893914338 -5.57383253908033 -5.636363771199086 -5.678052926995196 -5.69938455328303 -5.700907459099074 -5.683227639548576 -5.647001137360956 -5.592926907125737 -5.521739745615078 -5.434203349511662 -5.331103559270804 -5.213241844782341 -5.08142908498923 -4.936479689701427 -4.779206107549937 -4.610413759399544 -4.430896431619389 -4.241432158444464 -4.042779617293895 -3.835675055391408 -3.620829760409124 -3.398928082176064 -3.170626006808971 -2.936550278983475 -2.697298062517827 -2.453437124037854 -2.205506519276615 -1.954017756580831 -1.699456407491018 -1.442284129874813 -1.182941065059161 -0.921848566763277 -0.6594122164106322 -0.3960250766221497 -0.1320711323890875 0.1320711323890808 0.3960250766221288 0.6594122164106115 0.9218485667632453 1.18294106505914 1.442284129874805 1.699456407490997 1.954017756580811 2.205506519276605 2.453437124037843 2.697298062517807 2.936550278983472 3.170626006808951 3.398928082176032 3.620829760409109 3.835675055391378 4.042779617293876 4.241432158444447 4.430896431619381 4.610413759399526 4.779206107549911 4.936479689701411 5.081429084989205 5.21324184478232 5.331103559270791 5.434203349511648 5.521739745615058 5.592926907125721 5.647001137360949 5.683227639548564 5.700907459099073 5.699384553283014 5.678052926995194 5.636363771199087 5.573832539080319 5.49004589391433 5.384668462186112 5.257449325596767 5.108228186258981 4.936941140619646 4.743625999451154 4.528427093610767 4.291599508169055 4.033512690934865 3.754653385330702 3.45562784197687 3.137163268188191 2.80010847984539 2.445433725730546 2.074229660374164 1.687705447706784 1.287185984288621 0.8741082375653841 0.4500167014063245 0.01655797807932347 -0.4245254972552275 -0.8714025665439089 -1.322161263513985 -1.774817496506554 -2.227324456437995 -2.677582700584396 -3.123450856896221 -3.562756887899592 -3.993309847979448 -4.41291206300235 -4.819371656876578 -5.210515345790679 -5.584201417562827 -5.938332810797641 -6.270870206410005 -6.579845042565061 -6.863372363207907 -7.119663410138619 -7.347037869025395 -7.543935680852517 -7.708928332062317 -7.840729539065659 -7.938205245853742 -8.000382857123338 -8.026459633610921 -8.015810181187542 -7.967992970668172 -7.882755831197882 -7.760040366456126 -7.599985249723887 -7.402928361042001 -7.169407737200855 -6.900161313091669 -6.59612544096064 -6.258432182283987 -5.888405375267143 -5.487555489301556 -5.057573286034239 -4.600322314951555 -4.117830279493559 -3.612279317640683 -3.085995248585636 -2.541435844474435 -1.981178193203872 -1.407905224860019 -0.8243914805122023 -0.2334882077001721 0.3618921279728347 0.9587918212494294 1.554224297875181 2.145190776548894 2.728697118683225 3.301770760671647 3.861477622249409 4.404938884153086 4.929347528636994 5.431984537482907 5.910234643951716 6.361601537645997 6.78372242447791 7.174381847839173 7.531524681622916 7.853268210927046 8.137913222030143 8.383954029544855 8.590087375466995 8.755220142112289 8.878475828610462 8.959199748656916 8.996962915550856 8.991564589113603 8.943033467825673 8.851627518382013 8.717832443780795 8.542358799968975 8.326137779906041 8.07031569261183 7.776247173277174 7.44548716877425 7.079781750851415 6.681057816880113 6.251411745182105 5.793097078661468 5.308511316641546 4.800181900430533 4.270751483162672 3.722962578855983 3.159641689364526 2.583683010950166 1.998031824548787 1.405667675429369 0.8095874488474581 0.2127884484595624 -0.381748416298678 -0.9710752289532318 -1.552293347938541 -2.122569271530367 -2.679149988917107 -3.219377724580015 -3.740703987783967 -4.240702844198042 -4.717083332416145 -5.16770095440334 -5.590568175592345 -5.983863877458944 -6.34594171285412 -6.675337322111023 -6.970774375924375 -7.231169419151009 -7.455635497954001 -7.643484561039189 -7.794228634059937 -7.907579774528443 -7.983448822712361 -8.021942971957717 -8.023362189603448 -7.98819452708827 -7.917110364943241 -7.810955645065313 -7.670744148931931 -7.497648886203041 -7.292992663424378 -7.05823790726314 -6.794975820840265 -6.504914955251313 -6.189869281265116 -5.851745848443332 -5.492532120523068 -5.114283076839745 -4.719108169843413 -4.309158228375619 -3.886612395339824 -3.453665186729541 -3.012513756687977 -2.565345450393853 -2.114325723115927 -1.66158649979664 -1.209215045039228 -0.7592434084265685 -0.3136385047374977 0.1257071171148259 0.5569837686588988 0.9784723385350906 1.388551196401885 1.785702255957993 2.16851617581387 2.535696683861538 2.886064017719562 3.218557480707155 3.532237119584904 3.826284536926867 4.100002857417628 4.352815873544949 4.58426640203708 4.794013887934913 4.981831298345249 5.147601352661461 5.291312140324798 5.413052181003352 5.513004985363413 5.591443177374127 5.648722241308199 5.685273958261863 5.701599598112997 5.698262933359828 5.675883141238305 5.635127659908609 5.576705063341137 5.501358017834574 5.409856380883224 5.302990500400174 5.181564769124874 5.046391485429974 4.898285067725556 4.7380566652794 4.56650920356708 4.384432897281284 4.192601258908551 3.99176762537136 3.782662219683344 3.565989758921201 3.342427614133208 3.112624522124966 2.877199843443979 2.636743355369072 2.391815563349558 2.142948509179507 1.890647049274565 1.635390571790589 1.377635117020457 1.117815861565814 0.8563499232394119 0.5936394405390195 0.3300748778747005 0.06603850554686341 -0.1980919982128985 -0.461939877005049 -0.7251256123536958 -0.9872632807810188 -1.247957006126025 -1.506797560449375 -1.763359165432721 -2.0171965442435 -2.267842271412149 -2.514804465379247 -2.757564865036894 -2.995577327846562 -3.22826678298787 -3.455028668524026 -3.675228876790387 -3.888204227169006 -4.093263480145959 -4.28968890110356 -4.476738376727084 -4.653648081249162 -4.819635684068571 -4.973904084608794 -5.115645654679277 -5.244046963115624 -5.358293952153045 -5.457577529879663 -5.541099538264953 -5.608079051712373 -5.657758956881584 -5.689412760706018 -5.702351570131611 -5.695931184154886 -5.669559236271714 -5.622702323489462 -5.554893056623917 -5.465736965716576 -5.354919194081639 -5.222210914730353 -5.067475403730809 -4.890673706439173 -4.691869834481987 -4.471235433864086 -4.229053867610871 -3.965723659908773 -3.68176125275458 -3.377803030643847 -3.054606573779125 -2.713051105634051 -2.354137106422818 -1.978985070058926 -1.588833388496065 -1.185035353876903 -0.7690552756294704 -0.3424637164861475 0.09306814169030253 0.5357749844594921 0.9838046790314507 1.435226384661376 1.888039421048662 2.340182850115773 2.78954572033556 3.233977916868737 3.671301555213822 4.09932285091419 4.515844393143642 4.918677745755634 5.305656295656985 5.674648265200185 6.023569802699555 6.350398063193136 6.65318419022134 6.930066108678838 7.1792810387429 7.399177641484931 7.588227708040586 7.745037306140728 7.868357300382802 7.957093165837815 8.010314018419725 8.027260789874976 8.007353480244126 7.950197426180593 7.855588529541088 7.723517397152021 7.554172349558476 7.347941263833528 7.105412223111737 6.827372953360594 6.514809035963049 6.168900892891839 5.791019549559953 5.382721188764071 4.94574051744716 4.481982976225177 3.993515829695439 3.482558183412468 2.951469981017141 2.402740042290514 1.838973209808946 1.262876678363177 0.6772455873113096 0.08494796152435757 -0.5110909084852628 -1.107904552336008 -1.702501772832577 -2.291883364653515 -2.873058994666481 -3.443064138221981 -3.9989769648502 -4.537935066583547 -5.057151922666092 -5.553932995670579 -6.025691356034599 -6.469962734728472 -6.884419907159814 -7.266886315491208 -7.615348841257957 -7.927969645503049 -8.20309699954835 -8.439275035965165 -8.635252356240578 -8.789989439013528 -8.902664800528386 -8.972679867062023 -8.999662527474815 -8.983469342651041 -8.924186397374015 -8.822128789061516 -8.677838756707242 -8.492082462269794 -8.265845445561974 -8.000326782354479 -7.69693198386367 -7.35726468397852 -6.983117168443554 -6.576459807697047 -6.139429462112323 -5.674316934960964 -5.183553554457196 -4.669696971721083 -4.13541626636573 -3.583476455646502 -3.016722506677672 -2.438062954094937 -1.850453227712629 -1.256878796169048 -0.6603382332697771 -0.0638263137247963 0.5296827557730213 1.117251865644682 1.695997190393741 2.263103934007206 2.815841537885923 3.351578259577154 3.867795035361298 4.362098545101704 4.832233403646109 5.276093409440303 5.691731787818789 6.077370373632865 6.43140768540433 6.752425850997289 7.039196352829892 7.290684568833814 7.506053093663072 7.684663832984976 7.826078872002942 7.930060127598569 7.996567801581022 8.025757660440226 8.017977174657467 7.973760557981084 7.893822754074564 7.779052424541675 7.630503998481029 7.449388849383789 7.237065670320598 6.995030122937557 6.724903839765624 6.428422862718834 6.107425603395655 5.763840412887157 5.399672850231383 5.016992739420725 4.617921104981463 4.204617075594231 3.779264844029987 3.344060769850376 2.901200708881017 2.452867650441663 2.00121973972853 1.548378758633827 1.096419133681483 0.6473575347041485 0.2031431224257063 -0.2343515027134655 -0.6633386042861638 -1.082122826364901 -1.489107889577308 -1.882802440314705 -2.261825033552898 -2.624908236666716 -2.970901848541484 -3.298775235142189 -3.607618789450799 -3.896644530265202 -4.165185860721962 -4.412696513513777 -4.638748715568639 -4.843030610407993 -5.025342981455115 -5.185595324195845 -5.323801319261798 -5.440073762186441 -5.534619008750237 -5.607730997463276 -5.659784912816182 -5.691230554449509 -5.702585478344941 -5.69442797652316 -5.667389961546617 -5.622149821378942 -5.559425308857053 -5.479966528201821 -5.384549078652582 -5.273967412480348 -5.149028461343978 -5.010545581236722 -4.859332862158802 -4.696199844187243 -4.521946676835086 -4.337359753544694 -4.143207847886432 -3.940238772584417 -3.729176576912932 -3.510719292347946 -3.285537230671264 -3.054271833056241 -2.817535063065061 -2.575909331008207 -2.329947931799641 -2.080175973339556 -1.827091767606331 -1.571168652089121 -1.31285720497725 -1.052587813679069 -0.7907735528067097 -0.5278133247583294 -0.2640952134892645 -1.028703311283777e-14


